timestamp,Imu0_linear_accleration_x,Imu0_linear_accleration_y,Imu0_linear_accleration_z,Imu0_angular_velocity_x,Imu0_angular_velocity_y,Imu0_angular_velocity_z,Imu0_orientation_x,Imu0_orientation_y,Imu0_orientation_z,Imu0_orientation_w,Imu1_linear_accleration_x,Imu1_linear_accleration_y,Imu1_linear_accleration_z,Imu1_angular_velocity_x,Imu1_angular_velocity_y,Imu1_angular_velocity_z,Imu1_orientation_x,Imu1_orientation_y,Imu1_orientation_z,Imu1_orientation_w,Imu2_linear_accleration_x,Imu2_linear_accleration_y,Imu2_linear_accleration_z,Imu2_angular_velocity_x,Imu2_angular_velocity_y,Imu2_angular_velocity_z,Imu2_orientation_x,Imu2_orientation_y,Imu2_orientation_z,Imu2_orientation_w,imu0_to_imu1_translation_x,imu0_to_imu1_translation_y,imu0_to_imu1_translation_z,imu0_to_imu1_rotation_x,imu0_to_imu1_rotation_y,imu0_to_imu1_rotation_z,imu0_to_imu1_rotation_w,imu0_to_imu2_translation_x,imu0_to_imu2_translation_y,imu0_to_imu2_translation_z,imu0_to_imu2_rotation_x,imu0_to_imu2_rotation_y,imu0_to_imu2_rotation_z,imu0_to_imu2_rotation_w
1677734161.7135108,-5.51,4.85,6.11,0.09,-0.04,-0.06,0.38378090905076073,0.18465931747408962,-0.3522930999507435,0.8333682991602636,-7.4,4.99,-1.83,0.09,-0.09,-0.04,0.1275386169524135,-0.6096408634189826,-0.7800312166416342,-0.060193188154430886,-6.52,6.4,-1.99,0.16,0.13,-0.05,0.9847091338987307,-0.07813326485166248,-0.15222837092041025,-0.032705314964845314,0.364964035860348,1.457402277417922,-1.53794663571451,0.0,0.0,0.0,1.0,0.6341635380045698,-2.0192032005725946,-0.37835835112088917,0.0,0.0,0.0,1.0
1677734161.7336688,-5.63,4.63,5.9,0.08,-0.01,-0.03,0.38435998832973656,0.1861357096856568,-0.35326970945208436,0.8323589426050647,-7.84,5.16,-2.03,0.08,-0.1,-0.03,0.12836213306789107,-0.6106722391698244,-0.7789343021023052,-0.06216053498779111,-6.57,6.23,-2.07,0.14,0.13,-0.02,0.9847660659250203,-0.07833273925392172,-0.15164123044863353,-0.03323724705146872,0.35912435048899727,1.452688904420691,-1.5437696226635853,0.0,0.0,0.0,1.0,0.6333320134344932,-2.019142800838266,-0.3800696128106207,0.0,0.0,0.0,1.0
1677734161.7536986,-5.68,4.67,5.99,-0.0,0.15,-0.07,0.38448236142515263,0.18939867457943682,-0.3539139939461705,0.8312919707957974,-7.5,5.12,-2.09,0.14,-0.05,-0.06,0.12969393089788786,-0.6121884552802563,-0.7773649541492313,-0.0640976409112771,-6.4,6.28,-2.14,0.22,0.17,-0.08,0.984904384890677,-0.07807597042999523,-0.1505678247515211,-0.034595167496735225,0.34834894880093653,1.4453967471415332,-1.553055457226804,0.0,0.0,0.0,1.0,0.6311367883620352,-2.0189001667905506,-0.3849785330497556,0.0,0.0,0.0,1.0
1677734161.8146408,-5.67,4.81,6.2,-0.0,0.18,-0.1,0.3812274747762055,0.19591847576469562,-0.3562274560385891,0.8302912518472486,-7.7,5.05,-1.98,0.13,-0.02,-0.03,0.13397053433127376,-0.6165750721098209,-0.7727600964173885,-0.06876706892656222,-6.74,6.34,-2.05,0.25,0.19,-0.06,0.9853071189561723,-0.0780409709438996,-0.14666834622815184,-0.03959652008850792,0.3288884243143316,1.4157423702657943,-1.58429982812163,0.0,0.0,0.0,1.0,0.6250318336016771,-2.020365323142732,-0.3872456171822875,0.0,0.0,0.0,1.0
1677734161.8376565,-5.6,4.98,6.27,0.08,0.16,-0.11,0.3826851117679349,0.19560930661315978,-0.3560499988949555,0.8297695479374885,-7.83,5.35,-1.75,0.18,0.02,-0.02,0.13583804348839648,-0.6186650453209697,-0.7706255948234993,-0.07026934069830698,-6.7,6.73,-1.94,0.28,0.21,-0.06,0.9854738257647705,-0.07808985163736512,-0.14490325903147988,-0.041789464292532226,0.3251200268636255,1.4109262178334767,-1.5893659666553563,0.0,0.0,0.0,1.0,0.6332218736552911,-2.0182270380145377,-0.385083993112604,0.0,0.0,0.0,1.0
1677734161.873723,-5.7,5.0,6.37,0.06,0.06,0.01,0.38364556250027715,0.19308870144278406,-0.35492577881386217,0.8303978126671329,-7.87,5.45,-1.76,0.05,-0.07,-0.01,0.1375543721803119,-0.6200330193591546,-0.7689493900542884,-0.07317571409687872,-6.61,6.77,-1.93,0.15,0.17,0.0,0.985638163457817,-0.0788666116408992,-0.1430580256735037,-0.042800345725058885,0.33469203947375814,1.4060437706440645,-1.5917041665290435,0.0,0.0,0.0,1.0,0.6413574104741556,-2.0166092981856356,-0.380062640233324,0.0,0.0,0.0,1.0
1677734161.903559,-5.44,4.93,6.24,0.09,0.09,-0.0,0.38487107554684535,0.19129645995126685,-0.3540566905917207,0.8306165056539427,-8.24,5.23,-1.71,0.06,-0.09,0.01,0.13858359834275877,-0.6212108291500725,-0.7675774522362385,-0.07560784903419226,-7.07,6.62,-1.82,0.17,0.13,0.0,0.9856634095772591,-0.0795146534072652,-0.14214385907878138,-0.04404754522383925,0.34064342930930447,1.403608036676868,-1.5925911381909996,0.0,0.0,0.0,1.0,0.649119240986189,-2.014398004946492,-0.3786091502448233,0.0,0.0,0.0,1.0
1677734161.9403207,-5.39,4.87,6.16,0.11,0.02,0.0,0.3859399852356579,0.18801608252693572,-0.35368230937051787,0.8310289432660343,-7.82,5.13,-1.7,0.08,-0.14,0.0,0.13920767216143107,-0.6228825750050639,-0.7657306425017302,-0.0793416971103073,-6.79,6.69,-1.8,0.15,0.09,-0.02,0.9856393074051104,-0.07987009415425861,-0.14171863637676418,-0.04529626763073253,0.35076977021286354,1.399315410909665,-1.5941696738727438,0.0,0.0,0.0,1.0,0.6591501548773376,-2.0123732235260623,-0.37198801400113085,0.0,0.0,0.0,1.0
1677734161.9677489,-5.44,4.83,6.08,0.09,-0.0,0.03,0.38615669538731273,0.18547972689548906,-0.3532847432029637,0.8316671015125829,-7.83,5.02,-1.68,0.04,-0.12,-0.01,0.14001595571425696,-0.6236862074491865,-0.7646483639216626,-0.08199955082192927,-6.74,6.26,-1.83,0.11,0.11,0.02,0.9856340131410607,-0.08061131508462331,-0.14123544256928128,-0.04560655415655214,0.3609781977057944,1.3949140335126315,-1.5957473421223665,0.0,0.0,0.0,1.0,0.6639497463705891,-2.011662081334703,-0.36726884541785154,0.0,0.0,0.0,1.0
1677734161.9966192,-5.47,4.87,6.13,0.04,0.1,-0.06,0.38569948400576975,0.18508049535545887,-0.35347127679269785,0.8318889197237819,-7.42,5.2,-1.75,0.13,-0.03,-0.03,0.14188549379374527,-0.6256695684050387,-0.7624268010501479,-0.08432953731164232,-6.42,6.33,-1.88,0.21,0.17,-0.05,0.9857694262304081,-0.08064168167260412,-0.13967749784167732,-0.047389387874024545,0.3616969624223599,1.384582267214264,-1.6045582733856214,0.0,0.0,0.0,1.0,0.6678619053992078,-2.0112232008074145,-0.36254890959774916,0.0,0.0,0.0,1.0
1677734162.028402,-5.31,4.91,6.18,0.09,0.12,-0.07,0.3865686426534322,0.18418150142170142,-0.35345349440166307,0.8316925431590596,-7.76,5.2,-1.55,0.13,-0.06,-0.01,0.14342422579596723,-0.6277301684314168,-0.7601385576655333,-0.08702700871600134,-6.71,6.57,-1.75,0.23,0.16,-0.02,0.9858357814045902,-0.08117852030182071,-0.1381064117852816,-0.04964351889020729,0.36226422970445954,1.3777204379718286,-1.610326371476089,0.0,0.0,0.0,1.0,0.6755357288180189,-2.0091498796079947,-0.3598169539661647,0.0,0.0,0.0,1.0
1677734162.0564394,-5.33,5.0,6.24,0.1,0.04,-0.02,0.3873166586044902,0.18206147019801555,-0.3532376912078708,0.8319029754405995,-8.01,5.41,-1.57,0.07,-0.13,0.02,0.14384075755936834,-0.6288651680504598,-0.758822481242966,-0.08959285037257471,-6.77,6.67,-1.75,0.16,0.11,0.01,0.9858083108567457,-0.08189768861606952,-0.1375072592999013,-0.05066060091377847,0.36870525808779064,1.3747327201935764,-1.6114175066343253,0.0,0.0,0.0,1.0,0.6820430761484686,-2.0075794803795226,-0.35628902907193066,0.0,0.0,0.0,1.0
1677734162.1078937,-5.56,5.05,6.24,0.07,0.08,-0.02,0.38859900410406717,0.17920720216603933,-0.3521905778082758,0.8323685419357344,-7.76,5.35,-1.71,0.07,-0.05,-0.01,0.14659676427385135,-0.6311139443437425,-0.755948092576999,-0.09352571458437006,-6.47,6.59,-1.93,0.18,0.16,-0.01,0.9859491163547827,-0.08285837488311569,-0.1350461111069514,-0.052928041205406264,0.3779903984135462,1.365807507370261,-1.6168466567730544,0.0,0.0,0.0,1.0,0.6937256094242865,-2.004663518398012,-0.350098495902232,0.0,0.0,0.0,1.0
1677734162.1376488,-5.51,5.02,6.23,0.07,0.12,-0.04,0.3881052458399052,0.17957219895000556,-0.3525239086882972,0.832379142770247,-7.68,5.42,-1.68,0.09,-0.05,0.02,0.14786969065266073,-0.6326981992306114,-0.7541261388696328,-0.0955055493162954,-6.59,6.67,-1.94,0.21,0.18,-0.0,0.9860275426038864,-0.0836337864070255,-0.13330209884366556,-0.054640877021136076,0.3766227982548199,1.3572163952695309,-1.6243826286458154,0.0,0.0,0.0,1.0,0.6954058765560425,-2.0042774577988447,-0.3489735505890401,0.0,0.0,0.0,1.0
1677734162.168279,-5.31,5.13,6.66,0.14,0.04,0.05,0.3888584883078038,0.17722443637050234,-0.35194468694465325,0.8327757876857116,-8.61,5.61,-1.3,0.03,-0.14,0.07,0.14781613500366353,-0.6333950718654564,-0.7532527002726507,-0.09783375031701583,-7.17,7.12,-1.44,0.13,0.11,0.07,0.9859366415331781,-0.08525647702652388,-0.13270600438801058,-0.055221267702514946,0.3848590620008001,1.3564838232771164,-1.6230635044826067,0.0,0.0,0.0,1.0,0.7005471197468968,-2.0026287475898648,-0.34815489705154884,0.0,0.0,0.0,1.0
1677734162.194786,-5.37,4.98,6.64,0.13,0.0,0.06,0.38877297615235484,0.17540179707197373,-0.3518758189735881,0.8332305747026024,-8.2,5.3,-1.44,0.03,-0.14,0.03,0.14809044901465243,-0.6339670772394949,-0.7524031377197917,-0.10022216439721866,-6.94,6.8,-1.61,0.11,0.11,0.04,0.9859029499251551,-0.08623441998828074,-0.13220739776580473,-0.05549956859432295,0.3927828700659076,1.3526270034441412,-1.624383515841167,0.0,0.0,0.0,1.0,0.7031176624257341,-2.0022676329089197,-0.34503605462368925,0.0,0.0,0.0,1.0
1677734162.2256336,-5.5,4.87,6.42,0.05,0.04,0.02,0.3873752282941011,0.17588234964504312,-0.3524276567960262,0.8335469862657379,-8.09,5.13,-1.64,0.02,-0.15,-0.02,0.14877920326579813,-0.6344395993211343,-0.7514075093392929,-0.10362383122310051,-6.86,6.53,-1.8,0.11,0.11,-0.02,0.9859390833227557,-0.08645997031638197,-0.13160491365834964,-0.05593696640463291,0.39773150726516426,1.3430438120209134,-1.6311170917873778,0.0,0.0,0.0,1.0,0.7005352152616741,-2.0034619654080243,-0.3433519554942054,0.0,0.0,0.0,1.0
1677734162.2603261,-5.41,4.91,6.38,0.14,0.01,0.03,0.3870867013514442,0.17450275770182563,-0.35305893745488776,0.8337038202350651,-8.09,5.3,-1.65,0.05,-0.17,0.06,0.14834680471219475,-0.6355474291882532,-0.7501276230441882,-0.10668289427063839,-6.93,6.67,-1.79,0.14,0.08,0.07,0.9857456461868092,-0.08829607114369435,-0.13147343416774837,-0.05678081500363191,0.40278021033494227,1.3380249432047324,-1.6340004141751345,0.0,0.0,0.0,1.0,0.7021602466850957,-2.002896496973712,-0.3433316332433651,0.0,0.0,0.0,1.0
1677734162.2886038,-5.4,4.85,6.46,0.14,0.01,0.05,0.3868492346846367,0.17348362968302308,-0.35341798998996327,0.833874585418796,-8.0,5.25,-1.5,0.05,-0.16,0.06,0.14811004105604608,-0.6364206645249326,-0.7490841880675142,-0.10911018601052969,-6.69,6.74,-1.72,0.13,0.1,0.07,0.9856349784779911,-0.08979175783577605,-0.13107118144497207,-0.057284158543797724,0.40688033924369793,1.3339242634119355,-1.636335677365087,0.0,0.0,0.0,1.0,0.7030097434831479,-2.002620009787124,-0.3432060561353449,0.0,0.0,0.0,1.0
1677734162.3107967,-5.3,4.88,6.28,0.05,-0.0,0.04,0.3858399386872233,0.1727052879019547,-0.3535443224928012,0.8344500208386654,-7.93,5.34,-1.48,0.05,-0.12,-0.01,0.1487449488262947,-0.6370423237552105,-0.7481056968828085,-0.11130985686232726,-6.79,6.73,-1.64,0.1,0.13,-0.01,0.9856884258210921,-0.09006187193240227,-0.1304091877667919,-0.057451111150045156,0.41270535145695403,1.326889147384876,-1.6405911993641284,0.0,0.0,0.0,1.0,0.7026581700072919,-2.003422342673523,-0.3392203015719078,0.0,0.0,0.0,1.0
1677734162.3404331,-5.35,4.97,6.16,0.06,-0.02,0.06,0.3844993144508353,0.17321974284831446,-0.3542486294576104,0.8346634689512932,-8.06,5.27,-1.65,0.02,-0.19,0.03,0.1484791262676175,-0.6375354761020965,-0.7472746015155579,-0.11438153567705926,-6.82,6.61,-1.78,0.09,0.08,0.04,0.9856012147598955,-0.09109308104652387,-0.13033307334892333,-0.0574942261509291,0.41600360963230415,1.319634841175693,-1.6456016780278564,0.0,0.0,0.0,1.0,0.6983907386943674,-2.004656501562677,-0.3407384434554252,0.0,0.0,0.0,1.0
1677734162.365557,-5.5,4.77,6.27,0.14,-0.01,0.07,0.38454884886465807,0.17374616221474617,-0.35489170875809556,0.8342579511201992,-7.63,5.06,-1.63,0.03,-0.16,0.05,0.14834952288655306,-0.6381480777819689,-0.7464407885146294,-0.11655727829770478,-6.65,6.42,-1.93,0.12,0.11,0.07,0.9855182672224685,-0.0924125499437764,-0.12989448980301865,-0.05780213752557542,0.41536200459319284,1.3161581660790493,-1.6485454458411992,0.0,0.0,0.0,1.0,0.6969174566276017,-2.004646158251167,-0.3438020343985042,0.0,0.0,0.0,1.0
1677734162.4111006,-5.44,4.65,6.29,0.1,0.05,0.01,0.3836461597413881,0.17574775472365733,-0.35638439519593684,0.8336177263506964,-7.8,5.0,-1.71,0.07,-0.11,-0.0,0.14958705089881807,-0.6398834342760429,-0.7440356344111908,-0.1207637340795177,-6.63,6.23,-1.8,0.14,0.12,0.01,0.985489875878157,-0.09352352156702386,-0.12876687334984901,-0.05900972617341521,0.4117108786960093,1.3025910878916598,-1.6601959553343641,0.0,0.0,0.0,1.0,0.6933768302786871,-2.005433961572286,-0.34635703689280856,0.0,0.0,0.0,1.0
1677734162.4443061,-5.36,4.68,6.28,0.07,0.04,-0.02,0.38228415204091304,0.17646026224958503,-0.3576148782398494,0.8335659552828832,-8.08,5.09,-1.64,0.09,-0.1,-0.03,0.15090646017084888,-0.6412718447828393,-0.7420084453613761,-0.12418183594999548,-6.97,6.53,-1.71,0.15,0.13,-0.03,0.9855407186353572,-0.0937037935697495,-0.1277155554572442,-0.06014838216102934,0.4123955174279661,1.2894086991821747,-1.670285946680583,0.0,0.0,0.0,1.0,0.691931873738617,-2.0065200097976716,-0.3429398378522369,0.0,0.0,0.0,1.0
1677734162.475121,-5.43,4.78,6.31,0.12,-0.01,0.01,0.38146744223893947,0.17594131760563667,-0.3587789614628765,0.8335495786589383,-7.46,5.14,-1.58,0.08,-0.15,0.02,0.15104680001915663,-0.6425230051979964,-0.7403838107725368,-0.127204028007154,-6.51,6.43,-1.83,0.15,0.08,0.03,0.9854056175746131,-0.09474438120949262,-0.1275356854403151,-0.06110581004204636,0.41483517055476476,1.28091166680746,-1.6762091406227724,0.0,0.0,0.0,1.0,0.692100046020936,-2.006756617000484,-0.34121167392484264,0.0,0.0,0.0,1.0
1677734162.5227787,-5.45,4.82,6.21,0.08,0.05,-0.03,0.3813676774737333,0.18036156918625654,-0.3611226867441756,0.831636220987055,-7.92,5.09,-1.63,0.08,-0.1,-0.02,0.15279107600151656,-0.6443624189018502,-0.7376039550259968,-0.1318801187869591,-6.66,6.56,-1.78,0.16,0.13,-0.01,0.9854201190209778,-0.09551606069901208,-0.12599012037779073,-0.06285189531282775,0.4027823010906699,1.2660843363452667,-1.6903540668124148,0.0,0.0,0.0,1.0,0.687279520059557,-2.0073508929412798,-0.3474035893806388,0.0,0.0,0.0,1.0
1677734162.5813491,-5.39,4.91,6.31,0.09,0.03,-0.03,0.38273709538131656,0.1757466814325857,-0.36088624648338313,0.8320976726825048,-7.88,5.06,-1.69,0.1,-0.14,0.02,0.15321263474186325,-0.6470825905591033,-0.7340853654152986,-0.13758156066080807,-6.73,6.57,-1.7,0.19,0.1,0.01,0.985203485264554,-0.09709687273669501,-0.12490786702229083,-0.0659114154245771,0.4157033035415786,1.2587682264698026,-1.6926881920349908,0.0,0.0,0.0,1.0,0.7026449907252856,-2.003241659581055,-0.3403129006188344,0.0,0.0,0.0,1.0
1677734162.6127698,-5.47,4.79,6.33,0.09,0.02,-0.02,0.38159363851226774,0.1760850282220298,-0.3622434766218465,0.831961550510559,-7.93,5.19,-1.64,0.09,-0.12,-0.03,0.1541943520126327,-0.6483176654232788,-0.732137971995954,-0.14100459733343887,-6.74,6.57,-1.75,0.15,0.1,-0.03,0.9851856499507092,-0.09724864874433008,-0.12434860870356897,-0.0670026787679964,0.417167263427986,1.246743136027729,-1.701206344654213,0.0,0.0,0.0,1.0,0.7020025034490667,-2.0040562358203657,-0.33682501216618027,0.0,0.0,0.0,1.0
1677734162.6496108,-5.41,4.97,6.2,0.12,0.06,-0.05,0.38602602678435083,0.17438579920905678,-0.3614875099847076,0.8306023596188263,-7.76,5.35,-1.67,0.11,-0.13,0.02,0.154528184478635,-0.6501948910707465,-0.7297224440788143,-0.14447421373684335,-6.64,6.66,-1.86,0.21,0.09,0.02,0.9849770020461669,-0.09846733530570306,-0.12381365930957315,-0.06924353461741213,0.4168482804704144,1.2507750976744798,-1.6983224564570338,0.0,0.0,0.0,1.0,0.7164783560155421,-1.9981479341101447,-0.34141411624686274,0.0,0.0,0.0,1.0
1677734162.6764011,-5.45,4.87,6.25,0.14,0.08,-0.04,0.3858668394468519,0.1750054762600274,-0.3626066434823968,0.8300580025496581,-7.82,5.27,-1.6,0.1,-0.11,0.03,0.15491066032202125,-0.6514734329187912,-0.7280474976189526,-0.14673750280818343,-6.58,6.58,-1.82,0.2,0.11,0.02,0.9848633749207174,-0.0993573986644934,-0.12317233584582254,-0.07071644612594172,0.4140306362703844,1.2437977237184916,-1.7041261264067984,0.0,0.0,0.0,1.0,0.717304475673559,-1.99769416586305,-0.3423336221515684,0.0,0.0,0.0,1.0
1677734162.726632,-5.28,5.03,6.36,0.06,0.06,-0.01,0.38639203947774375,0.17195054293191528,-0.36171525397956067,0.8308407053413738,-8.37,5.66,-1.41,0.07,-0.14,-0.01,0.15589228249165665,-0.6528680735740825,-0.7254629855843523,-0.15219832888125168,-7.09,7.01,-1.58,0.16,0.09,-0.01,0.9847268209510076,-0.10011559351616715,-0.12248703722644629,-0.0727109465356815,0.42858647644763614,1.2359627796715942,-1.706226725694058,0.0,0.0,0.0,1.0,0.7271908403550842,-1.9948243419381981,-0.3381853434353713,0.0,0.0,0.0,1.0
1677734162.759922,-5.32,5.09,6.45,0.06,0.02,0.01,0.38623478696025293,0.16946105589403038,-0.3612722572960755,0.8316176982155,-8.09,5.56,-1.46,0.04,-0.18,0.0,0.1560061272685744,-0.6533874904046683,-0.7241580233715721,-0.15601933477594623,-6.91,7.07,-1.61,0.12,0.06,0.01,0.9845920006033132,-0.1008331665176913,-0.12259654612394028,-0.07335769732251479,0.44122096156764473,1.231072682982723,-1.7065415647698248,0.0,0.0,0.0,1.0,0.7317627588009825,-1.993706747688116,-0.3348979979857281,0.0,0.0,0.0,1.0
1677734162.7971215,-5.44,4.98,6.22,0.09,0.05,-0.01,0.3878327613984564,0.17294071297219726,-0.3624044491044908,0.8296627472967475,-7.65,5.24,-1.7,0.06,-0.11,0.0,0.15696090282820802,-0.6545681250869075,-0.7221487297304268,-0.1593896381584933,-6.55,6.55,-1.87,0.16,0.13,0.0,0.9845598533973375,-0.10164801813624641,-0.12138409696028245,-0.07466911337576795,0.4304953273654863,1.225517833549341,-1.713265832487478,0.0,0.0,0.0,1.0,0.730855992370614,-1.9925432901391504,-0.3436870019907855,0.0,0.0,0.0,1.0
1677734162.831373,-5.36,4.94,6.23,0.09,0.01,0.02,0.3874102562982331,0.1706505936948467,-0.3624015809342035,0.8303353312505278,-7.99,5.44,-1.48,0.07,-0.15,0.01,0.15724974913911338,-0.6555665661137271,-0.7203881516833748,-0.162929140130774,-6.68,6.82,-1.74,0.14,0.1,0.01,0.9844758240130808,-0.10248384069889245,-0.12079636428452131,-0.07558209248896777,0.4405186372810711,1.2186183673609694,-1.7156376671484317,0.0,0.0,0.0,1.0,0.7351338149766895,-1.991831251134916,-0.33865401382551485,0.0,0.0,0.0,1.0
1677734162.8539362,-5.5,4.85,6.21,0.08,0.02,0.02,0.3870867727484066,0.17205363229435008,-0.3632064086591091,0.8298448545881912,-7.8,5.14,-1.69,0.05,-0.14,0.0,0.15761227765648947,-0.6561074886265219,-0.7192991877276411,-0.16519688808960095,-6.56,6.42,-1.91,0.13,0.1,0.01,0.9844247064923866,-0.10302288531635774,-0.12044879939169423,-0.07606818700068019,0.4384785242681448,1.212624545138795,-1.7204006208678722,0.0,0.0,0.0,1.0,0.7326707317709965,-1.9922625124260445,-0.3414435244488001,0.0,0.0,0.0,1.0
1677734162.8786716,-5.39,4.88,6.19,0.08,0.06,-0.01,0.3863077770836527,0.1724056295000966,-0.3638454674104981,0.8298548524448109,-7.77,5.15,-1.68,0.07,-0.1,0.01,0.15824081350239724,-0.6569764235542033,-0.7178795068552198,-0.16730462478166613,-6.72,6.46,-1.83,0.18,0.13,-0.02,0.9844015479197596,-0.1033487445605393,-0.11961254781472237,-0.07723644124513056,0.4390954487295419,1.2048621974923288,-1.7256889267648903,0.0,0.0,0.0,1.0,0.7329480231392725,-1.9924146794290687,-0.3399572628607782,0.0,0.0,0.0,1.0
1677734162.906962,-5.35,4.98,6.32,0.1,0.05,-0.0,0.3865960356068386,0.17064133635128326,-0.36363409971326266,0.830177861127993,-7.87,5.4,-1.52,0.11,-0.11,0.02,0.15868134101074705,-0.6583244880456252,-0.7159529976303595,-0.16982463201373107,-6.83,6.73,-1.7,0.17,0.12,0.04,0.9842807941532711,-0.10452930200374298,-0.11885170963972465,-0.0783531390521851,0.4442523128198252,1.1999889359117517,-1.7277634202180625,0.0,0.0,0.0,1.0,0.7378195040847622,-1.9909079042241526,-0.3382426588854633,0.0,0.0,0.0,1.0
1677734162.9277747,-5.33,4.92,6.3,0.13,0.01,0.03,0.3865508108109936,0.16928932577921546,-0.36373824293864737,0.830430060548441,-8.17,5.52,-1.44,0.05,-0.16,0.03,0.15868307864984535,-0.6587498574502939,-0.7150702777740477,-0.17188020160440406,-6.73,6.94,-1.69,0.13,0.09,0.04,0.9841893116519329,-0.10532422068667353,-0.11862400091379778,-0.07878168425492457,0.45000716244963906,1.1969326781452279,-1.728393970636358,0.0,0.0,0.0,1.0,0.7401094513467232,-1.9903824768087273,-0.3363266210694712,0.0,0.0,0.0,1.0
1677734162.957674,-5.44,4.98,6.35,0.09,0.02,0.02,0.3856451088071005,0.16873858863893298,-0.36428791313179754,0.8307222490720834,-7.91,5.47,-1.49,0.05,-0.12,-0.01,0.1594855275262115,-0.6594108288171542,-0.7135664306475828,-0.17482755618388082,-6.46,6.7,-1.75,0.13,0.12,-0.01,0.984189495978297,-0.1057677050863561,-0.11779821227992916,-0.07942172089802671,0.45543660407536096,1.1879965826105228,-1.7331305834743156,0.0,0.0,0.0,1.0,0.7403990479328206,-1.9909043322076667,-0.33257959921937086,0.0,0.0,0.0,1.0
1677734162.984954,-5.37,5.02,6.33,0.06,0.04,0.03,0.38557725076854,0.1668799123362751,-0.3636369949489191,0.8314141052766253,-7.86,5.38,-1.5,0.01,-0.12,0.01,0.16013146470167305,-0.6596639828304427,-0.7125940370583043,-0.17723171871231805,-6.84,6.75,-1.71,0.11,0.14,0.01,0.9842084892734424,-0.10642727531350366,-0.1168467342097045,-0.07971025916379061,0.4650186541832502,1.1841305868197738,-1.7332317804089148,0.0,0.0,0.0,1.0,0.7436646756548225,-1.9902975641953897,-0.32890493480807614,0.0,0.0,0.0,1.0
1677734163.0441887,-5.45,4.97,6.27,0.12,0.02,0.02,0.3877066541369026,0.17105345687532908,-0.3655286871766435,0.8287418440502974,-7.97,5.23,-1.63,0.06,-0.12,0.02,0.16106865067390097,-0.6613324252333607,-0.7095139283094741,-0.18244533055112316,-6.74,6.51,-1.77,0.14,0.11,0.03,0.9840012600255579,-0.10848108664561892,-0.11564100253133391,-0.08124366216418266,0.4523354125920683,1.1759108032677192,-1.7421614326099146,0.0,0.0,0.0,1.0,0.7416741406257998,-1.9888082949066297,-0.34214183497135386,0.0,0.0,0.0,1.0
1677734163.0729287,-5.4,4.87,6.4,0.1,0.02,0.04,0.3870780841612176,0.17007959569758,-0.36573949065089933,0.8291429990465152,-8.09,5.23,-1.53,0.03,-0.18,0.04,0.16081572639318642,-0.6616636227543559,-0.7085194005269763,-0.1853100416736979,-6.9,6.7,-1.71,0.12,0.08,0.04,0.9838566582566403,-0.10954703591656247,-0.11551540217405835,-0.08174175668859537,0.4592423742794454,1.1711132460991613,-1.7435854457058486,0.0,0.0,0.0,1.0,0.7422201543489436,-1.9887049648537622,-0.34155790906407996,0.0,0.0,0.0,1.0
1677734163.1062124,-5.43,4.84,6.29,0.05,0.03,0.03,0.3855330943362527,0.17065514302520898,-0.3663416687548528,0.8294786537726387,-7.78,5.29,-1.55,0.03,-0.13,-0.01,0.161630058039502,-0.662125616002274,-0.7070312779846881,-0.18860584541072684,-6.65,6.56,-1.76,0.11,0.1,-0.0,0.9838151527868476,-0.11013656282857903,-0.11500148468800274,-0.0821726304486651,0.4636348686992559,1.1603017187246216,-1.7496407145613961,0.0,0.0,0.0,1.0,0.738966929989619,-1.9899812028384896,-0.3411783825672363,0.0,0.0,0.0,1.0
1677734163.1389189,-5.44,4.84,6.17,0.11,0.02,0.02,0.3859744190355281,0.17284712055002546,-0.36751795353783134,0.828298360855022,-7.85,5.17,-1.64,0.07,-0.14,0.02,0.1618643004194829,-0.6630950175713558,-0.7052352470987251,-0.19169817988534696,-6.69,6.42,-1.81,0.15,0.1,0.03,0.9836614368925675,-0.1112752005297812,-0.11448498815136512,-0.08319371854586173,0.4579297701561551,1.1541475046540133,-1.7552047923549106,0.0,0.0,0.0,1.0,0.7370277653999826,-1.989588420269094,-0.3476032090770131,0.0,0.0,0.0,1.0
1677734163.1654053,-5.41,4.81,6.28,0.11,0.03,0.02,0.3854617447492354,0.17225450799428693,-0.36797227143579214,0.8284588313639402,-7.91,5.22,-1.59,0.06,-0.16,0.03,0.1618092343225635,-0.663730665381582,-0.7039431719520082,-0.1942765713672488,-6.67,6.63,-1.82,0.14,0.1,0.02,0.9835644819036762,-0.11205252514502505,-0.11405123298678993,-0.08388955715921645,0.46203023498021983,1.1486256944288225,-1.757750572766804,0.0,0.0,0.0,1.0,0.7378549046431564,-1.9895265389184495,-0.3461997842766702,0.0,0.0,0.0,1.0
1677734163.1941195,-5.39,4.85,6.33,0.07,0.03,0.02,0.38462262912942247,0.17127262477602687,-0.3681248867187208,0.8289844322677175,-7.97,5.2,-1.64,0.05,-0.13,0.01,0.16226735985994684,-0.6643569124728789,-0.7025004892511958,-0.19695750652213495,-6.86,6.72,-1.75,0.13,0.11,0.01,0.9835010086704504,-0.11274766148883739,-0.11344474329183019,-0.08452231061947814,0.4684878565676946,1.1413797407858906,-1.7607587613219877,0.0,0.0,0.0,1.0,0.7388419412622474,-1.989631891948846,-0.34347855882411144,0.0,0.0,0.0,1.0
1677734163.2295382,-5.43,4.82,6.22,0.08,0.02,0.01,0.38343618492449,0.17252215955679429,-0.36943381614474835,0.8286926161376972,-7.73,5.1,-1.7,0.07,-0.14,0.01,0.16261022447109544,-0.6653892180200595,-0.7004711318753418,-0.20038786602334788,-6.6,6.39,-1.83,0.14,0.1,0.0,0.9834045823192882,-0.11343903696570615,-0.11285404435626682,-0.0855042515793991,0.4679072323164435,1.130478307012188,-1.7679314520989842,0.0,0.0,0.0,1.0,0.7359979273851776,-1.9905850980699271,-0.34406106758344707,0.0,0.0,0.0,1.0
1677734163.2575433,-5.42,4.81,6.07,0.09,0.04,-0.01,0.3862401187727519,0.1738492979344383,-0.36939711320093743,0.827128022144654,-7.77,5.18,-1.56,0.08,-0.09,-0.01,0.1635428034402258,-0.6663426649126073,-0.6986260843678357,-0.20288617153700214,-6.52,6.37,-1.82,0.16,0.13,-0.01,0.9833669639461903,-0.11391603367084932,-0.11192392739484018,-0.08651928090586947,0.46221006307342566,1.1303742315688767,-1.7694959604923461,0.0,0.0,0.0,1.0,0.7405180280501104,-1.9878328023755878,-0.35021964526907073,0.0,0.0,0.0,1.0
1677734163.2795353,-5.34,4.92,6.33,0.11,0.02,0.01,0.3864631080503953,0.1721073451748992,-0.36929160877884876,0.8274352153119944,-8.03,5.39,-1.48,0.07,-0.12,0.03,0.16378423068674727,-0.6669792609100682,-0.697411660906884,-0.2047690565620479,-6.78,6.73,-1.68,0.14,0.11,0.04,0.9832686994511675,-0.11478564754149358,-0.11146626837376049,-0.08707577626939929,0.46805546943651655,1.1274032895392057,-1.7698547681283738,0.0,0.0,0.0,1.0,0.7442748380116014,-1.9868505329268926,-0.347821686084878,0.0,0.0,0.0,1.0
1677734163.3134382,-5.42,4.9,6.34,0.11,0.01,0.02,0.3860677859907917,0.17010475023858113,-0.3695692284398051,0.8279097921614682,-8.05,5.2,-1.59,0.05,-0.14,0.04,0.1638714911750244,-0.6676957988321484,-0.695833804457358,-0.2077107873375205,-6.79,6.49,-1.72,0.14,0.1,0.02,0.9831305681040351,-0.11577882856362756,-0.11092518187552146,-0.08800655056161366,0.47636930273744543,1.1215496739942992,-1.7713550226232802,0.0,0.0,0.0,1.0,0.7479914366292073,-1.9861767121733176,-0.3436726331114607,0.0,0.0,0.0,1.0
1677734163.3349762,-5.39,4.83,6.36,0.08,0.04,-0.02,0.38537449183673195,0.16990740840012253,-0.3701559500785213,0.8280111993408071,-8.14,5.28,-1.55,0.09,-0.1,-0.02,0.16457088875663906,-0.6684152756979809,-0.6943434548342926,-0.20982041968364457,-6.87,6.63,-1.7,0.17,0.12,-0.02,0.9830876550763462,-0.11603981236126217,-0.11028755092799672,-0.08893863330386133,0.4788171459817496,1.113909757949592,-1.7755109664146187,0.0,0.0,0.0,1.0,0.7488734826870111,-1.986291796249837,-0.3410768345678484,0.0,0.0,0.0,1.0
1677734163.3587348,-5.38,4.92,6.34,0.08,0.0,-0.0,0.3848921356407964,0.16835340109330132,-0.37038026341074315,0.8284525555141786,-7.83,5.12,-1.6,0.07,-0.16,-0.0,0.16472141654599687,-0.6689643310975116,-0.6929969490276239,-0.21238834075519275,-6.71,6.55,-1.72,0.14,0.09,-0.0,0.9830049575567222,-0.11649212640536427,-0.10999441945487119,-0.08962179195513406,0.4860015484406219,1.1083953620201403,-1.7770093461671943,0.0,0.0,0.0,1.0,0.7516195468120211,-1.9859486843855185,-0.33701020731948317,0.0,0.0,0.0,1.0
1677734163.387342,-5.44,4.9,6.34,0.08,-0.0,0.0,0.38370265498059436,0.16802265850761236,-0.3713344198505285,0.8286443190073464,-7.82,5.23,-1.68,0.07,-0.15,-0.0,0.16497858979593027,-0.6696918810464434,-0.6913195995495167,-0.21534172992738398,-6.61,6.6,-1.8,0.14,0.09,0.02,0.9828732457401128,-0.11732161695247408,-0.10965899505902632,-0.09039206716630246,0.49013088839901414,1.0991921307787547,-1.7815859148161377,0.0,0.0,0.0,1.0,0.7508164496508106,-1.986590209722082,-0.3350134289399844,0.0,0.0,0.0,1.0
1677734163.4104877,-5.48,4.9,6.31,0.11,0.05,-0.02,0.38395046808306094,0.1699745586576345,-0.372428014029428,0.827640055721107,-7.79,5.2,-1.66,0.11,-0.11,0.03,0.1651745614180776,-0.6707471338320684,-0.6896479645716072,-0.21725867457629905,-6.62,6.57,-1.75,0.19,0.12,0.03,0.9827363995058062,-0.1182012291789093,-0.1089882146699602,-0.09153801161274074,0.4833795489388852,1.0937998945218423,-1.7867417279538882,0.0,0.0,0.0,1.0,0.7495528691820716,-1.9862571634488153,-0.3397837208419343,0.0,0.0,0.0,1.0
1677734163.4353466,-5.47,4.88,6.36,0.11,0.06,-0.03,0.38350886675609247,0.1699338959264661,-0.37320890095918274,0.8275013814970641,-8.1,5.33,-1.61,0.08,-0.11,0.02,0.16556799427886043,-0.671550937208174,-0.6880971009380741,-0.2193831299027253,-6.89,6.68,-1.74,0.19,0.12,0.02,0.9825991303016821,-0.11902293121272113,-0.10826274540008654,-0.09279907830547526,0.4844284354472844,1.0870210091091344,-1.7905905217791853,0.0,0.0,0.0,1.0,0.7507606211863261,-1.9859257645799382,-0.33905360528020917,0.0,0.0,0.0,1.0
1677734163.4613006,-5.37,5.03,6.39,0.08,0.01,0.01,0.3844368611036523,0.16735409701650433,-0.3725338678917516,0.8279006119759619,-8.08,5.36,-1.51,0.06,-0.18,0.03,0.16533345555204754,-0.671997896293883,-0.6868435413579351,-0.22210273646829656,-6.99,6.88,-1.69,0.15,0.07,0.04,0.9824016101511848,-0.12001962499664341,-0.10821742107030331,-0.09365551646815831,0.49384187359436615,1.0869325077840333,-1.7880710073727826,0.0,0.0,0.0,1.0,0.7576206047614069,-1.9835343520010607,-0.33779060625288493,0.0,0.0,0.0,1.0
1677734163.4929092,-5.47,4.94,6.35,0.09,0.0,0.02,0.3832902337895099,0.16717664820294056,-0.373470570863806,0.8280460721939787,-7.98,5.33,-1.57,0.07,-0.18,0.02,0.16510079102541902,-0.6726558479652088,-0.6851430180390139,-0.22551027434105575,-6.65,6.62,-1.75,0.14,0.07,0.04,0.9821750561469292,-0.12122152387238307,-0.10818237798207302,-0.094520232368408,0.49821290584987343,1.078545300718993,-1.7919330162541238,0.0,0.0,0.0,1.0,0.7564422686463039,-1.9839353187236886,-0.3380765376744875,0.0,0.0,0.0,1.0
1677734163.5215793,-5.35,4.99,6.21,0.07,0.04,-0.02,0.3862528302589841,0.1659580763621137,-0.3725407555676708,0.8273330970341874,-7.75,5.42,-1.57,0.09,-0.13,-0.02,0.16567216505464497,-0.6735544847625398,-0.6831262623763226,-0.22850732905999255,-6.65,6.77,-1.77,0.15,0.11,-0.01,0.9821057736239234,-0.12167759964285912,-0.10748781656890338,-0.09544202663898424,0.501004935899127,1.0803917654523318,-1.7900412529736582,0.0,0.0,0.0,1.0,0.7653921317581841,-1.98017486954573,-0.3399740735147527,0.0,0.0,0.0,1.0
1677734163.5503585,-5.39,4.93,6.11,0.13,0.02,0.01,0.389750394144909,0.16642460408160922,-0.3723019755204664,0.8257049839038915,-7.73,5.32,-1.61,0.06,-0.17,0.05,0.16526919128935605,-0.6741960225560115,-0.6817051842952487,-0.23113601901304165,-6.63,6.59,-1.83,0.15,0.08,0.04,0.9818977709449682,-0.12280389072977814,-0.10730116263853737,-0.09634538043595674,0.4973188593915119,1.0857236690121077,-1.7878417342260504,0.0,0.0,0.0,1.0,0.7714937676919406,-1.9763376248550717,-0.348406313081016,0.0,0.0,0.0,1.0
1677734163.579213,-5.56,4.82,6.11,0.12,0.05,0.01,0.3909863941608814,0.16885322446366496,-0.37315720624681337,0.8242402123139638,-7.56,5.1,-1.73,0.07,-0.11,0.04,0.16549569653221935,-0.6751564016257611,-0.6799725613650831,-0.2332644927194831,-6.33,6.41,-1.89,0.17,0.13,0.02,0.9817741251283211,-0.12375385967131673,-0.10633708906787301,-0.09745241368761982,0.48889989200323236,1.0826178435685694,-1.7920422708145498,0.0,0.0,0.0,1.0,0.7710365905634229,-1.9752489332940486,-0.3555196584340404,0.0,0.0,0.0,1.0
1677734163.6139252,-5.4,4.89,6.26,0.08,0.09,-0.03,0.39025207357526726,0.16906868836921266,-0.3737972577130903,0.8242540311150997,-8.02,5.16,-1.62,0.11,-0.07,0.02,0.16637576750654448,-0.6767449583146908,-0.6772882571148461,-0.23583040973672062,-6.84,6.6,-1.72,0.19,0.14,0.02,0.9815978545714888,-0.12494414872272973,-0.10497348298664085,-0.09917247334949342,0.4886848453262432,1.0721198181793488,-1.798401016852344,0.0,0.0,0.0,1.0,0.7721796054115211,-1.9748048026382627,-0.35550618625188307,0.0,0.0,0.0,1.0
1677734163.6414313,-5.3,4.89,6.3,0.12,0.04,0.01,0.3903011635804695,0.1675749708630771,-0.3738821249987468,0.8244972937823337,-8.16,5.18,-1.55,0.07,-0.14,0.03,0.16647248455267524,-0.6773690302684352,-0.6757479601253898,-0.23837534081031475,-7.04,6.73,-1.71,0.15,0.09,0.04,0.9814015626276346,-0.12603063529433092,-0.10466613796952849,-0.10006123825881824,0.4947988332758557,1.0679556780379034,-1.7992067097294446,0.0,0.0,0.0,1.0,0.7756430221756906,-1.9736491596392454,-0.3543824160500361,0.0,0.0,0.0,1.0
1677734163.6700313,-5.43,4.76,6.24,0.13,0.03,-0.0,0.38986591714213775,0.16794795619496303,-0.37499064581146724,0.8241238172840009,-7.69,5.09,-1.7,0.06,-0.15,0.03,0.16645325304194528,-0.67800224837295,-0.6741915827141359,-0.24098127634815733,-6.49,6.33,-1.88,0.16,0.09,0.02,0.9812199953665303,-0.12690092888583288,-0.10430610679911428,-0.10111236830987004,0.495404125226418,1.0613583357365666,-1.80294016425148,0.0,0.0,0.0,1.0,0.775492540263895,-1.9736184182992906,-0.35488259881946527,0.0,0.0,0.0,1.0
1677734163.69804,-5.42,4.76,6.16,0.07,0.09,-0.06,0.3889715650731957,0.16998799275312396,-0.37638943070052405,0.8234902551586192,-7.65,5.1,-1.75,0.12,-0.07,-0.02,0.1674443750261986,-0.6793612780448752,-0.6717210604465235,-0.24335458104978752,-6.46,6.29,-1.89,0.21,0.15,-0.03,0.9811445915651228,-0.1272243908586565,-0.10296800598389494,-0.1027951095959964,0.4900460034125886,1.0496053364846158,-1.8112657320675962,0.0,0.0,0.0,1.0,0.7738797823706932,-1.9741512430511154,-0.355439097452184,0.0,0.0,0.0,1.0
1677734163.728646,-5.4,4.87,6.04,0.12,0.13,-0.09,0.39325553413069025,0.1707973106347575,-0.3760560586041336,0.821437888304797,-7.46,5.03,-1.78,0.16,-0.03,0.02,0.1683475107201522,-0.6815301608508108,-0.6686247233144433,-0.24518714252113716,-6.46,6.23,-1.94,0.27,0.18,0.01,0.9809275006141309,-0.12832314998905484,-0.10100639844728719,-0.10541401798863598,0.47962820881446533,1.051728078070588,-1.8128223385393765,0.0,0.0,0.0,1.0,0.7847405062004891,-1.9684875440682097,-0.36295884997683775,0.0,0.0,0.0,1.0
1677734163.752469,-5.48,4.78,5.81,0.21,0.19,-0.12,0.3967071295137425,0.17393915573737523,-0.377006894549211,0.8186784624971492,-7.14,4.76,-1.93,0.19,-0.01,0.1,0.16843463694765948,-0.6837260973126854,-0.6661238676262149,-0.2458198322116573,-6.32,5.81,-2.11,0.34,0.19,0.08,0.9805605471542881,-0.1300981008803408,-0.09937521312826135,-0.10816683654209522,0.46020336661899836,1.0532268303250258,-1.8169826926077304,0.0,0.0,0.0,1.0,0.789382470992189,-1.9642076036446257,-0.3758507739447969,0.0,0.0,0.0,1.0
1677734163.7816782,-5.89,4.67,4.6,0.41,0.78,-0.38,0.4064086399468753,0.18466187633589973,-0.3779439302284512,0.8111044287933011,-4.15,5.1,-2.48,0.05,0.28,0.29,0.16880551328226268,-0.6873615761060575,-0.6643656163991805,-0.2401189083038758,-4.26,5.36,-3.35,0.42,0.4,0.25,0.9799794737407636,-0.1352019482202022,-0.09436970846539519,-0.11160207152375956,0.39720279065678404,1.0718744795652275,-1.8209379569747113,0.0,0.0,0.0,1.0,0.7894416315667512,-1.9556579962771312,-0.41795180577016444,0.0,0.0,0.0,1.0
1677734163.8082697,-5.66,4.57,4.42,0.72,1.51,-0.61,0.42159073961033344,0.20170100098747726,-0.37782085320633474,0.7992680134710126,-3.46,3.89,-2.76,0.16,0.75,0.47,0.1713329976167404,-0.6934988903052808,-0.6611447071613024,-0.22932939032230917,-3.63,3.91,-3.3,0.65,0.64,0.42,0.978996349992977,-0.142710270853275,-0.08663553776578851,-0.1170222580941153,0.29450552436217303,1.0974884257953743,-1.8251809913993056,0.0,0.0,0.0,1.0,0.7862703407886652,-1.940937625890156,-0.4868676243086625,0.0,0.0,0.0,1.0
1677734163.8301692,-5.75,4.25,4.2,1.1,2.68,-0.88,0.4409629132512099,0.2258055106766392,-0.37542345271063005,0.783339525135747,-1.03,2.46,-1.7,0.62,1.71,0.6,0.17749873047383183,-0.7044908092738379,-0.6535147304580642,-0.21238031312528632,0.75,2.59,-2.5,1.18,1.47,0.24,0.9785000817794742,-0.14838779084668696,-0.06893508688901097,-0.12556515153818287,0.14370994630595055,1.118199346011233,-1.830704147019062,0.0,0.0,0.0,1.0,0.7826581363970796,-1.9228924820465345,-0.5589550465112278,0.0,0.0,0.0,1.0
1677734163.8706238,-4.57,4.36,4.55,1.32,3.39,-1.07,0.4806157964922085,0.2755800701280114,-0.3665917644625327,0.7474453554198109,1.4,2.11,-0.26,0.94,2.72,0.95,0.19326279750015432,-0.7314180666771362,-0.6337053812464856,-0.16153820792599222,3.75,0.49,-0.88,1.88,2.8,0.6,0.9736161350572502,-0.16947688417929002,-0.007228432126148602,-0.15263340739844433,-0.21456272787207786,1.143196542524196,-1.8081937122357263,0.0,0.0,0.0,1.0,0.7758870565240664,-1.8804632410698134,-0.6959578108647342,0.0,0.0,0.0,1.0
1677734163.89358,-2.09,3.06,4.61,1.8,4.36,-1.57,0.5079326830523795,0.31255398201685436,-0.3611525346110647,0.7168565020676193,0.7,-1.27,3.5,1.81,4.36,1.22,0.21097208599131698,-0.7538053944983732,-0.6106417304809761,-0.11993699659747682,2.19,-1.19,4.52,3.41,4.36,0.31,0.9653743044263863,-0.1804674325426373,0.04788927320677412,-0.1821828083449884,-0.5006123844259573,1.1130636268370053,-1.7700216391817951,0.0,0.0,0.0,1.0,0.787877093126538,-1.845757154857013,-0.7713171924834946,0.0,0.0,0.0,1.0
1677734163.9305418,1.7,2.2,5.05,2.04,4.36,-2.39,0.5469564217665231,0.37604902109464355,-0.3619038073496922,0.6545620220024366,-4.22,-1.08,8.32,2.88,4.36,0.96,0.2395788867161508,-0.7951968410249396,-0.5537892524458013,-0.05984484054057905,-3.12,1.34,9.84,4.34,4.36,-0.23,0.9414415502462974,-0.18606396382029977,0.14014147986804595,-0.24377935609423637,-0.9814111012255007,0.9489230937915177,-1.6609868188701815,0.0,0.0,0.0,1.0,0.8251858974432882,-1.7883378743692198,-0.8622156816929832,0.0,0.0,0.0,1.0
1677734163.9515905,4.87,1.92,7.87,1.82,4.36,-2.96,0.5631307956834798,0.41497601473011575,-0.3638337033842219,0.6150639401178739,-9.12,0.64,11.43,3.38,4.36,0.88,0.25524071277881266,-0.8180622095418063,-0.5146761117548893,-0.027109036290698378,-11.02,4.55,12.12,4.18,4.36,-0.31,0.9229748450882119,-0.18772745331630014,0.19177055664745615,-0.2758620891113751,-1.2374102975367993,0.8047364458619225,-1.5632386280576007,0.0,0.0,0.0,1.0,0.8217657971718607,-1.7668638972286,-0.9085113886290367,0.0,0.0,0.0,1.0
1677734163.972762,5.89,3.47,12.76,1.64,3.72,-2.4,0.5766062799849021,0.4461677487110846,-0.3641281969861441,0.5795430907634691,-19.61,5.71,13.22,3.64,4.05,0.73,0.26975219046832155,-0.8392237092343654,-0.4721599060380277,0.0015312500176425069,-11.39,13.1,13.71,4.29,4.03,-0.75,0.9019692768658093,-0.18314738536025826,0.24131041592758923,-0.30769748453753076,-1.439344360048907,0.6499418646216428,-1.4588911494033898,0.0,0.0,0.0,1.0,0.8464856258127212,-1.7392886020835208,-0.9385292983997877,0.0,0.0,0.0,1.0
1677734164.0054092,6.87,2.75,12.43,1.25,1.78,-1.5,0.5872022009923583,0.4686575729312864,-0.3705040551235649,0.5461505283535669,-19.57,10.58,13.47,2.64,2.38,0.3,0.2838777411147468,-0.8588197406769964,-0.4257518887746112,0.024029363868743544,-15.29,17.0,12.11,2.9,2.98,-0.61,0.8754426122334417,-0.1773927075527881,0.29607505350548385,-0.3383365523922943,-1.5934621827610371,0.46780587993891415,-1.365480109999779,0.0,0.0,0.0,1.0,0.9039908934110877,-1.706916817914875,-0.9443174473391772,0.0,0.0,0.0,1.0
1677734164.0411506,7.14,2.3,11.65,0.29,0.34,-0.33,0.5891372789986498,0.47286697821640106,-0.37275788316284697,0.5388558693625876,-16.25,11.12,12.63,0.4,0.54,-0.03,0.288795866628708,-0.8607891355942219,-0.41806383320674845,0.029353753177507175,-14.54,15.31,10.61,0.58,0.97,-0.25,0.8674467922133262,-0.17636538131620277,0.3143190199407962,-0.34297939975377284,-1.6219175511407913,0.43080385403853444,-1.3439834435911049,0.0,0.0,0.0,1.0,0.9230522302556469,-1.700398990981183,-0.9376128474430429,0.0,0.0,0.0,1.0
1677734164.069708,5.86,2.93,10.74,-0.66,-0.41,0.5,0.5849056706716741,0.46841309108630863,-0.36798202122171625,0.5505122746793838,-10.65,4.36,10.03,-1.06,-0.64,-0.14,0.2863436224056393,-0.853545000059951,-0.43459197358482426,0.0244556593843258,-6.98,7.52,9.51,-0.78,-0.33,-0.16,0.8730289640723358,-0.1763035512906283,0.30900532849540263,-0.3335463875603291,-1.5791278507008066,0.49766596676224045,-1.371562545663761,0.0,0.0,0.0,1.0,0.9166127396534217,-1.7095240483964569,-0.9272802238046689,0.0,0.0,0.0,1.0
1677734164.0958312,3.75,2.5,7.65,0.14,-0.48,0.48,0.5862558744465073,0.46002754330735857,-0.3691327364356547,0.5553555005283397,-5.15,0.51,6.76,-0.47,-0.61,-0.2,0.28505700852165805,-0.8499078218927804,-0.44281057607704233,0.01783227109684057,-4.97,2.24,6.92,-0.36,-0.3,0.22,0.8751437565635645,-0.17906163742937214,0.30375582885136404,-0.33134986311713704,-1.5475536347966028,0.5288800125966411,-1.3956588693887912,0.0,0.0,0.0,1.0,0.9280277230497889,-1.7046662995929773,-0.924866126681592,0.0,0.0,0.0,1.0
1677734164.120774,3.83,2.73,8.47,-0.6,0.54,0.12,0.5849705149471992,0.4651009235642488,-0.36097353169976026,0.5578429321541086,-5.37,0.33,6.58,-0.02,-0.28,0.05,0.2830977031418502,-0.849681096687256,-0.44461211501997905,0.0147577635707963,-3.21,2.79,7.16,0.05,-0.36,0.07,0.8759971784473524,-0.178169459861533,0.29973671368996296,-0.3332303848559856,-1.5380760637454813,0.5551211512898268,-1.3959450309821884,0.0,0.0,0.0,1.0,0.910284605694206,-1.7019057101332544,-0.9473114009933407,0.0,0.0,0.0,1.0
1677734164.1463473,3.97,2.66,8.63,0.02,0.7,-0.11,0.5874017278334109,0.4702762129202722,-0.35671561562469367,0.5536727041034135,-6.76,2.22,7.03,0.25,-0.06,0.12,0.2816271847111959,-0.8511332684892023,-0.44280814271008845,0.013387936815472108,-3.04,3.44,7.05,0.39,0.15,0.04,0.8735262198698763,-0.17776911183931537,0.30224187416123616,-0.3376387649237108,-1.5482656401502541,0.5608224263828092,-1.3823356009291743,0.0,0.0,0.0,1.0,0.9030309218151843,-1.694813452839684,-0.9667691111735247,0.0,0.0,0.0,1.0
1677734164.175355,4.37,2.82,8.58,0.29,-0.13,-0.05,0.5884368934711492,0.4675394758750938,-0.360287745646856,0.5525772355401299,-7.94,3.17,7.32,0.14,-0.17,0.04,0.2802264409893188,-0.8517344075066778,-0.44262193204933886,0.010366586160292145,-5.8,5.36,7.07,0.18,0.1,0.06,0.8719785661296334,-0.17830770763377626,0.30361398044732607,-0.3401151165206081,-1.5445851447377346,0.5550225953693759,-1.3887788338266658,0.0,0.0,0.0,1.0,0.9170946596366496,-1.6898230764849989,-0.9622553483585901,0.0,0.0,0.0,1.0
1677734164.213391,4.42,2.82,8.5,0.18,-0.16,-0.03,0.5885967944905286,0.46414729219502526,-0.3641074484020888,0.5527629425726911,-7.5,2.8,7.36,0.05,-0.31,0.04,0.2771636504831298,-0.8517802660628943,-0.4445550786957555,0.004633702893029729,-5.01,4.75,7.22,0.11,-0.04,0.07,0.8711311515530269,-0.17865527826337563,0.30285200383898603,-0.3427732079863354,-1.5320183527630462,0.5568743784190425,-1.4018953931936602,0.0,0.0,0.0,1.0,0.9315037011596516,-1.6849213790449078,-0.9569957163766597,0.0,0.0,0.0,1.0
1677734164.2385113,4.23,2.73,8.09,0.05,-0.01,-0.02,0.5885399654972423,0.46346469359672116,-0.3646828600694353,0.5530168156334659,-6.36,2.45,7.2,0.11,-0.31,-0.0,0.2755407253677427,-0.8519945205914842,-0.4451768472140779,0.000469308468849199,-3.94,4.03,7.0,0.12,-0.06,0.05,0.8706222168279113,-0.17852081257311725,0.30229229386557444,-0.3446253677740175,-1.523565505012888,0.5602233264562139,-1.4097510334910763,0.0,0.0,0.0,1.0,0.9364674994145143,-1.6816579896176282,-0.9578909272435574,0.0,0.0,0.0,1.0
1677734164.3007598,4.18,2.96,8.16,0.14,0.06,-0.0,0.5910539404313878,0.46154841221547044,-0.36575734672885696,0.551225784951842,-7.08,2.78,7.09,0.11,-0.1,0.01,0.2741946029923087,-0.8525502791421634,-0.4449237842996895,-0.004262322014219457,-4.92,4.69,6.97,0.22,0.15,-0.01,0.8666487374349208,-0.1779166231263322,0.3076682567875544,-0.350151231445911,-1.5180060005854121,0.562156536060347,-1.4149691908841382,0.0,0.0,0.0,1.0,0.95918879659087,-1.6677047533028775,-0.9598008690898059,0.0,0.0,0.0,1.0
1677734164.3473778,4.14,2.84,8.33,0.07,0.08,0.01,0.5922854929519459,0.4608472238618591,-0.36541935888060556,0.5507144661735108,-6.91,2.73,7.13,0.04,-0.18,0.03,0.27193703096376837,-0.8523437059486799,-0.4466366911898369,-0.008724918525405639,-4.65,5.06,6.98,0.15,0.06,0.01,0.8647858149803092,-0.1776055145703314,0.30944338254313286,-0.3533363389227246,-1.5098688688656958,0.5726277964272453,-1.4194694098814185,0.0,0.0,0.0,1.0,0.9690777343902386,-1.6596443886995784,-0.9638303002951735,0.0,0.0,0.0,1.0
1677734164.376228,4.2,2.78,8.35,0.07,0.01,0.02,0.5927409991205578,0.4597764463270615,-0.36573065747322586,0.550912709554448,-6.76,2.24,7.03,0.06,-0.16,-0.02,0.2712877838194175,-0.8521509522835445,-0.44733208608352915,-0.011648932687392161,-4.53,4.08,7.04,0.11,0.06,0.0,0.8638227307087494,-0.17748046290652553,0.31049724999058315,-0.35482732835232705,-1.50301503279749,0.5764228670575016,-1.4251955969332664,0.0,0.0,0.0,1.0,0.9764483464217136,-1.655320383247383,-0.9638272955130697,0.0,0.0,0.0,1.0
1677734164.4001434,4.23,2.92,8.32,0.05,0.07,0.0,0.593145169231748,0.45950828119382214,-0.3655738574233792,0.5508055033311948,-6.82,2.52,7.13,0.08,-0.16,0.02,0.27032895083441105,-0.8522171209620254,-0.4477215101741003,-0.013917126405478692,-4.41,4.65,7.02,0.15,0.08,0.02,0.8627466232155551,-0.17750689159386143,0.31158565748844486,-0.35647432672541224,-1.4988297642303707,0.5799803862896773,-1.4281568854213487,0.0,0.0,0.0,1.0,0.9811190016587175,-1.6513408528047246,-0.9659083250714662,0.0,0.0,0.0,1.0
1677734164.4251535,4.23,2.85,8.38,0.09,0.04,0.05,0.5939894318889268,0.4584694495756372,-0.3655231659307529,0.5507950015913736,-6.98,2.72,7.15,0.02,-0.19,0.02,0.26916517504965237,-0.8519329148217246,-0.448877542425398,-0.01641246751665099,-4.49,4.79,7.04,0.09,0.07,0.04,0.8618823127049738,-0.17794027790987413,0.31238969426940794,-0.3576434194249185,-1.4930641204578758,0.5865761503565657,-1.4314984987886716,0.0,0.0,0.0,1.0,0.9861948691521449,-1.647138816868482,-0.967911875132794,0.0,0.0,0.0,1.0
1677734164.4521174,4.3,2.94,8.27,0.1,-0.01,0.08,0.5949205484661214,0.45668153740201783,-0.36569407713122576,0.5511618241134266,-6.84,2.57,7.16,-0.01,-0.2,0.02,0.2678506788933798,-0.8514366643322996,-0.4504959755521481,-0.01910488048539234,-4.47,4.8,6.99,0.03,0.06,0.06,0.8612322402169134,-0.17884517934045638,0.3128988717116408,-0.35831233068263113,-1.4853770286360528,0.594745607066954,-1.4361172464930887,0.0,0.0,0.0,1.0,0.9915490144091256,-1.6431184740730946,-0.9692740748539581,0.0,0.0,0.0,1.0
1677734164.4765234,4.2,2.94,8.35,0.1,-0.03,0.07,0.595609318006101,0.4549985891878542,-0.3660645452043778,0.5515637523312076,-6.79,2.44,7.11,0.0,-0.2,0.02,0.2666578640608601,-0.8510354749946263,-0.4518479612772654,-0.021578316077708434,-4.53,4.27,7.01,0.04,0.05,0.07,0.8606002739629294,-0.17969774582710593,0.3132277671978042,-0.35911593456134133,-1.4782314670917815,0.6012041757438652,-1.440793277596692,0.0,0.0,0.0,1.0,0.9967423195186097,-1.6393848944865939,-0.9702689916769686,0.0,0.0,0.0,1.0
1677734164.4987621,4.23,2.79,8.3,0.12,0.01,0.04,0.5963656590892937,0.4538333963065078,-0.3664260536972433,0.5514664053482834,-6.83,2.4,7.03,0.03,-0.16,0.0,0.2659562498089936,-0.8507641482464517,-0.45266796795205505,-0.023650539870854966,-4.41,4.31,6.97,0.09,0.09,0.03,0.8597632264651088,-0.18007245535118144,0.31417597427470756,-0.3601035440406566,-1.4733986858584762,0.6052552313762806,-1.4440437726752469,0.0,0.0,0.0,1.0,1.0022537573135473,-1.6356886125720784,-0.9708296290559457,0.0,0.0,0.0,1.0
1677734164.5215244,4.2,2.72,8.42,0.07,0.01,0.03,0.5967658502925212,0.45292051918924536,-0.3666071422418612,0.5516635990159621,-6.75,2.35,7.11,0.02,-0.15,0.0,0.2652869574735094,-0.8504346354098934,-0.4535707615523071,-0.02563835709538703,-4.42,4.2,7.07,0.11,0.11,0.01,0.8587849987721267,-0.18027100839284654,0.31546859501900804,-0.3612066651845145,-1.4681461272818628,0.6095708373311378,-1.4475739508649235,0.0,0.0,0.0,1.0,1.0080021035495412,-1.6320033309219695,-0.9710802681031554,0.0,0.0,0.0,1.0
1677734164.549721,4.11,2.7,8.4,0.05,0.03,0.02,0.5971407832141009,0.4521316259115497,-0.3666154177269813,0.5518994594651272,-7.15,2.35,7.01,0.06,-0.12,-0.03,0.2650105123432451,-0.8501716208121943,-0.4540781398954948,-0.02811914618520064,-4.82,4.46,6.92,0.13,0.11,-0.02,0.8575553931128461,-0.18007498322221352,0.31724222042496,-0.3626694386634096,-1.4619775662357017,0.6129823681441017,-1.4523684836046198,0.0,0.0,0.0,1.0,1.0152879602928953,-1.627444144270308,-0.9711415524858246,0.0,0.0,0.0,1.0
1677734164.5807068,4.11,2.94,8.43,0.04,-0.01,0.01,0.5971778858374666,0.451056451499298,-0.36699383770747523,0.5524872607692369,-6.9,2.48,7.01,0.05,-0.2,0.0,0.2637316556019794,-0.8498884843111408,-0.4551205755574539,-0.03162972925907969,-4.71,4.78,6.89,0.1,0.05,0.03,0.8565315908840835,-0.18032388116985387,0.31803631701057145,-0.3642661564842016,-1.4529260165401134,0.618090934908295,-1.4592702239972788,0.0,0.0,0.0,1.0,1.021714461800167,-1.623215399124526,-0.9714789378022566,0.0,0.0,0.0,1.0
1677734164.6047769,4.11,2.89,8.31,0.07,-0.04,0.03,0.59738254466149,0.44974435840657695,-0.3675317864925858,0.552977841629109,-6.81,2.62,7.02,0.06,-0.21,0.01,0.2625669638801609,-0.8497393683738631,-0.45586876586364655,-0.034427657839276274,-4.42,4.5,6.9,0.12,0.04,0.03,0.8556732892721742,-0.18039128882991312,0.31860944428781457,-0.3657461236309015,-1.4454850125963599,0.6218863283797231,-1.465035997146039,0.0,0.0,0.0,1.0,1.0287565131503371,-1.6189652174248559,-0.9711393625115029,0.0,0.0,0.0,1.0
1677734164.6344492,4.07,2.92,8.3,0.08,0.0,0.03,0.5979337604936551,0.4483953067962372,-0.3679046000828689,0.5532296739536742,-6.64,2.57,7.06,0.06,-0.15,-0.01,0.2617790044884029,-0.849501592723542,-0.4565431850883274,-0.03724401856179077,-4.2,4.69,6.92,0.13,0.07,0.0,0.8544962990253265,-0.18019456123995714,0.31990563237103187,-0.36745936024116904,-1.4383094476706269,0.6258888817707536,-1.4703839772036325,0.0,0.0,0.0,1.0,1.0375331187810177,-1.6135307001398944,-0.9708469020080339,0.0,0.0,0.0,1.0
1677734164.6644802,4.17,2.9,8.34,0.06,0.02,0.03,0.5984356851940329,0.4473093690117106,-0.36796491161372763,0.5535258647089542,-7.02,2.66,7.08,0.04,-0.15,-0.01,0.2610000295987758,-0.8491109114811386,-0.4574780888293558,-0.04004301180166283,-4.59,4.62,6.89,0.11,0.11,0.02,0.8531627043829499,-0.18058795464682148,0.32153758974312086,-0.36893762192087864,-1.4309671531941588,0.6312359082222192,-1.475253955985299,0.0,0.0,0.0,1.0,1.0442519819096916,-1.6085337549476566,-0.9719346467081382,0.0,0.0,0.0,1.0
1677734164.7107468,4.05,2.93,8.41,0.1,-0.03,0.03,0.5992833316849975,0.44464086297386934,-0.36917300496729394,0.553954225312706,-6.99,2.56,6.93,0.06,-0.2,0.03,0.25845903754198185,-0.8488961007032126,-0.4588503571767815,-0.045063131743074,-4.78,4.63,6.83,0.12,0.04,0.05,0.85140796654238,-0.18112661767762747,0.3224277744507819,-0.371938103909169,-1.4184034796686849,0.6384614529697271,-1.484250161507672,0.0,0.0,0.0,1.0,1.057070484460305,-1.5997590997818185,-0.9725599279983325,0.0,0.0,0.0,1.0
1677734164.753267,4.03,2.87,8.33,0.14,-0.04,0.05,0.600636470421116,0.44149560582225095,-0.3705514052955242,0.5540840337649334,-6.69,2.56,7.03,0.02,-0.18,0.04,0.2561454174276338,-0.8483612292057872,-0.46073405929908323,-0.048957905521557536,-4.18,4.64,6.84,0.1,0.06,0.05,0.8497954639409027,-0.18188095558419415,0.32359400772380925,-0.37423776616810017,-1.4078638157347338,0.6468677148833905,-1.4906312876718963,0.0,0.0,0.0,1.0,1.0699575616426544,-1.591296048801703,-0.9723516346218547,0.0,0.0,0.0,1.0
1677734164.8353004,4.11,2.97,8.45,0.03,0.05,0.02,0.6015650411597281,0.4398767304384494,-0.3696438956831451,0.5549696871518865,-6.93,2.29,6.85,0.05,-0.17,0.01,0.2528905353822791,-0.8475478023496145,-0.46308031955838375,-0.05714645644401784,-4.77,4.31,6.89,0.13,0.08,0.02,0.846107287508025,-0.1822787847811207,0.32712165739407756,-0.3792997810548827,-1.38758269397778,0.6635998366551352,-1.5022481566521035,0.0,0.0,0.0,1.0,1.085544130362883,-1.5767878148069852,-0.9786900061362144,0.0,0.0,0.0,1.0
1677734164.862352,4.12,2.96,8.43,0.17,-0.07,0.04,0.6024374846631741,0.4375765736960149,-0.3710044828408122,0.5549337734695783,-6.99,2.8,7.09,0.05,-0.18,0.08,0.2509290044783631,-0.8474859295763185,-0.46396446194298224,-0.059491276130369045,-4.52,4.81,6.77,0.14,0.09,0.08,0.8446528652935378,-0.18308636057452493,0.32812514203214665,-0.38128049109464685,-1.3816487063774077,0.6674231302342145,-1.506018996358943,0.0,0.0,0.0,1.0,1.0949691590396704,-1.570313415155897,-0.9786001833912455,0.0,0.0,0.0,1.0
1677734164.8944268,4.05,2.93,8.41,0.1,-0.03,0.02,0.602936744117551,0.4358124722421696,-0.37191803824163466,0.5551682127622118,-6.85,2.19,6.83,0.06,-0.2,0.02,0.24927850675236338,-0.8472272345829877,-0.4648544650722993,-0.06306001391152295,-4.66,4.22,6.85,0.14,0.05,0.03,0.8432528802741123,-0.18313800154847631,0.3290673227071114,-0.38353585155056613,-1.3726910050231804,0.6719808038492829,-1.5121710233920376,0.0,0.0,0.0,1.0,1.1046352775672177,-1.5637400905931256,-0.9782626603452671,0.0,0.0,0.0,1.0
1677734164.9326952,3.97,2.85,8.45,0.08,-0.02,0.05,0.603627024779089,0.4336095415965473,-0.3724164391120789,0.5558085788037609,-7.01,2.76,7.05,0.03,-0.16,0.02,0.24767316787059798,-0.8466657811332038,-0.4662533118799139,-0.06650493317082727,-4.53,4.83,6.79,0.11,0.11,0.02,0.8414737987128533,-0.18364513014643036,0.3311438058990128,-0.38540899323702643,-1.3621968924955628,0.6795465891256359,-1.5182674531462321,0.0,0.0,0.0,1.0,1.1152959239205498,-1.556264656449479,-0.9780875835897278,0.0,0.0,0.0,1.0
1677734164.964592,4.02,2.93,8.34,0.04,0.02,0.06,0.60416039745809,0.43226317090419947,-0.37206358686827834,0.5565136589068058,-7.07,2.61,6.95,-0.0,-0.17,0.01,0.24643440949677795,-0.8459131576701798,-0.4678385619932123,-0.06948446882982645,-4.72,4.63,6.82,0.08,0.09,0.02,0.8402665359511379,-0.184115489495366,0.33250316582490835,-0.38664619460815935,-1.3526352253335028,0.6886228008875529,-1.52272012703739,0.0,0.0,0.0,1.0,1.121595772241595,-1.5507798728206534,-0.9795941556298393,0.0,0.0,0.0,1.0
1677734165.0035217,3.94,2.88,8.33,0.11,-0.06,0.01,0.6045571410374662,0.42982958390153564,-0.3737148330383178,0.556861217531604,-6.89,2.46,6.79,0.08,-0.2,0.0,0.24470095553552865,-0.8456199106863057,-0.46856978390080734,-0.07409970732759033,-4.52,4.37,6.71,0.14,0.04,0.02,0.8386434035130336,-0.18391959850107537,0.3335690095332009,-0.3893360231346666,-1.3408163412713783,0.6917716625649533,-1.5317191341273224,0.0,0.0,0.0,1.0,1.1344780423802854,-1.5429586484629392,-0.9771070465872275,0.0,0.0,0.0,1.0
1677734165.0295193,3.92,2.75,8.51,0.04,0.03,-0.02,0.6045700815942742,0.42944174582854694,-0.37394728163895685,0.5569903355855081,-7.01,2.4,6.91,0.09,-0.11,-0.03,0.24441192697699904,-0.845469205690374,-0.4686220411342405,-0.07640690246212231,-4.72,4.46,6.88,0.16,0.14,-0.02,0.837110626407056,-0.18377519753879865,0.3356176084943609,-0.3909389936991294,-1.335473231737011,0.6927310364065721,-1.5359475767463482,0.0,0.0,0.0,1.0,1.140551566865922,-1.5385434817373846,-0.9769985046677889,0.0,0.0,0.0,1.0
1677734165.0580432,4.03,2.91,8.73,0.02,0.02,-0.06,0.6041294253330822,0.4293837408156399,-0.37447854325740904,0.5571562269325326,-7.43,2.36,6.85,0.17,-0.23,-0.03,0.2432166530824655,-0.8456956298295161,-0.46811470054664434,-0.0807043275341978,-5.27,4.83,6.91,0.21,-0.02,-0.0,0.8358681722200624,-0.18273438442614454,0.33593680546435517,-0.39380071883161155,-1.3270458291512537,0.6922183343404628,-1.543464656198896,0.0,0.0,0.0,1.0,1.1474514584445163,-1.5334142956697157,-0.9769829826303538,0.0,0.0,0.0,1.0
1677734165.1112516,4.06,2.91,8.58,0.11,-0.18,-0.02,0.6030997753388885,0.42473392158363427,-0.379120256127822,0.5586945392931132,-7.18,3.03,7.07,0.12,-0.29,-0.0,0.23956923206412284,-0.8454841927563957,-0.46881550684430406,-0.0893033223883115,-4.63,4.97,6.84,0.13,-0.08,0.03,0.834759665095523,-0.1814903406442006,0.33455737498764965,-0.3978805356182123,-1.303382443326015,0.6914239875137073,-1.5638500810244411,0.0,0.0,0.0,1.0,1.1686919799432989,-1.5243564939978274,-0.9659173542404461,0.0,0.0,0.0,1.0
1677734165.1507907,3.95,3.02,8.32,0.12,-0.09,0.05,0.6037076003671796,0.42132865715898654,-0.38077521252314056,0.5594904230131772,-6.34,2.94,7.06,-0.01,-0.26,0.03,0.23680172261948193,-0.8442800428619239,-0.4714242500889605,-0.09420896888075536,-3.77,4.69,6.75,0.08,0.01,0.05,0.833630542629455,-0.18189727014831203,0.33476044676521305,-0.3998861647887646,-1.2877132134995464,0.7019859491932433,-1.5721038155649687,0.0,0.0,0.0,1.0,1.1808968669014916,-1.516657416763208,-0.9631889066633779,0.0,0.0,0.0,1.0
1677734165.171725,3.75,3.04,8.39,0.1,-0.05,-0.01,0.6037946361215082,0.4202164922504326,-0.3816646518251616,0.5596268672774884,-7.17,2.46,6.62,0.08,-0.18,0.01,0.23586464152670059,-0.844103397650012,-0.47174826109707824,-0.09649302101742868,-4.78,4.59,6.58,0.15,0.07,0.02,0.8325892914918315,-0.1818926889959795,0.33559187213162395,-0.40135796583864375,-1.2818626269719475,0.7032465157615233,-1.5763161306165256,0.0,0.0,0.0,1.0,1.187152143131154,-1.5125285891931672,-0.9619911932717653,0.0,0.0,0.0,1.0
1677734165.1936383,3.8,2.98,8.33,0.05,0.02,0.02,0.6040101735773644,0.41949395676943935,-0.38171656049295316,0.5599008822054055,-6.79,2.57,6.72,0.05,-0.16,-0.0,0.23509195838823724,-0.8437537422224425,-0.4723139612109388,-0.09864540350183272,-4.44,4.63,6.57,0.12,0.07,0.01,0.8316459527385037,-0.18189451420657454,0.3364648102125972,-0.40258021124220883,-1.2758885224597727,0.7069717832417068,-1.579493392184804,0.0,0.0,0.0,1.0,1.191845428676293,-1.5085383689456313,-0.9624533565645025,0.0,0.0,0.0,1.0
1677734165.2166045,3.76,2.99,8.33,0.07,0.06,0.01,0.6044906391883347,0.4189745479950311,-0.3816538786611709,0.5598139978322461,-6.7,2.6,6.68,0.06,-0.13,0.01,0.2343315641509116,-0.8434970480676806,-0.4727421572693881,-0.10057982244954207,-4.44,4.55,6.57,0.13,0.11,0.02,0.8304278220424655,-0.18213971633511195,0.33773682899758817,-0.4039165637230369,-1.2714911310226822,0.7105431168218419,-1.5814356714288957,0.0,0.0,0.0,1.0,1.1959603757991815,-1.504164006799284,-0.9641936632066213,0.0,0.0,0.0,1.0
1677734165.2380016,3.84,3.04,8.37,0.1,0.07,-0.0,0.6051167738664774,0.4184920391399218,-0.38172109442795427,0.5594525084675744,-6.94,2.49,6.73,0.07,-0.08,0.03,0.23369245225808025,-0.843411278560956,-0.4729357373301385,-0.10186776384007251,-4.64,4.51,6.68,0.17,0.16,0.01,0.8289493569357079,-0.1823561774875293,0.33948074644066417,-0.40539118264227514,-1.269329192962787,0.7128417384696594,-1.582137811882389,0.0,0.0,0.0,1.0,1.2006723297755422,-1.499308066423173,-0.965899207200098,0.0,0.0,0.0,1.0
1677734165.2633493,3.86,3.01,8.42,0.11,0.08,-0.01,0.6059225443434479,0.4180224658081355,-0.38184990328991725,0.5588432156638654,-7.16,2.6,6.84,0.1,-0.08,0.01,0.23311104760632054,-0.8434255815675937,-0.47281895393032836,-0.10360870931287569,-4.93,4.78,6.7,0.17,0.15,0.01,0.8272398240517005,-0.1825656885280895,0.34142621793068667,-0.40715129937742256,-1.266999825551573,0.7143550935693128,-1.583321901049771,0.0,0.0,0.0,1.0,1.2058988581273966,-1.4936988350914684,-0.9680763058837,0.0,0.0,0.0,1.0
1677734165.3031316,3.97,3.05,8.5,0.08,0.05,-0.0,0.6067127891760462,0.41705901763831876,-0.38204664088989904,0.5585711516373966,-7.57,2.68,6.87,0.07,-0.14,0.01,0.23170597858571199,-0.8430264252802259,-0.4734092268717093,-0.1072496605104741,-5.0,4.84,6.86,0.15,0.1,0.02,0.8249990555961122,-0.18278674245811086,0.343506957764789,-0.40983964548864044,-1.2591470938274967,0.71954703339835,-1.587230500851531,0.0,0.0,0.0,1.0,1.2139077488991676,-1.4855001288422274,-0.9706788059766635,0.0,0.0,0.0,1.0
1677734165.3304207,3.97,3.0,8.43,0.12,-0.03,0.03,0.6073113322333854,0.4153309954791305,-0.3828428238429684,0.5586631204645307,-7.07,2.75,6.98,0.03,-0.18,0.02,0.23039837035387328,-0.8424602027341325,-0.4744291429506475,-0.10997447916020249,-4.49,4.82,6.83,0.1,0.06,0.06,0.8238177696574732,-0.18337895368002413,0.34416450924901837,-0.41139668486412023,-1.2514283911838615,0.7244665680659736,-1.5910924465579244,0.0,0.0,0.0,1.0,1.220388968557008,-1.479958009056761,-0.9710175368411788,0.0,0.0,0.0,1.0
1677734165.3600364,3.88,3.01,8.46,0.05,0.03,0.05,0.607837665320436,0.4141668164477097,-0.38257064047731254,0.559141239595283,-7.09,2.66,6.93,0.01,-0.13,-0.01,0.22974145413592795,-0.8416753466713323,-0.47555710201158324,-0.1124585158338243,-4.75,4.69,6.81,0.1,0.1,-0.0,0.822485717782539,-0.18354725931847254,0.3457130131919736,-0.4126865155904,-1.2431788944847937,0.7312791570758178,-1.5944394095524757,0.0,0.0,0.0,1.0,1.2265835120372508,-1.47418990956463,-0.9719861102588813,0.0,0.0,0.0,1.0
1677734165.4206247,3.88,3.07,8.49,0.07,0.0,0.03,0.6086535466271373,0.411395410791206,-0.38314904864073057,0.559903101155767,-7.05,2.47,6.73,0.05,-0.18,0.02,0.22677663184904584,-0.840655182058712,-0.4772606957159685,-0.11871584750885593,-4.81,4.7,6.69,0.12,0.06,0.03,0.8197428084518953,-0.18393784314044784,0.3476021497587387,-0.4163668374586801,-1.2253625190440804,0.7426193643811854,-1.6029669917275369,0.0,0.0,0.0,1.0,1.240380609388657,-1.4616652316483394,-0.9733913367413073,0.0,0.0,0.0,1.0
1677734165.4488397,3.8,2.9,8.38,0.1,-0.05,0.03,0.6089878246835431,0.4095544759525767,-0.38402921849827265,0.5602861054443725,-7.06,2.66,6.75,0.04,-0.17,0.01,0.22559037832418263,-0.8400771613114398,-0.4781303669613962,-0.12153475404108051,-4.64,4.67,6.57,0.11,0.09,0.02,0.8183956919664659,-0.18422372312815102,0.3488666698362417,-0.41783029794990056,-1.2165572029107825,0.7467786314447449,-1.607734507828767,0.0,0.0,0.0,1.0,1.2482124151877154,-1.455881443031778,-0.972046804638006,0.0,0.0,0.0,1.0
1677734165.4922574,3.86,2.97,8.38,0.08,0.02,0.01,0.609669851783743,0.40799585506211333,-0.38450956424930127,0.5603520760012728,-6.97,2.37,6.69,0.09,-0.12,0.01,0.22415819698270614,-0.8398357068299366,-0.47827706267362974,-0.12522036407552872,-4.65,4.4,6.63,0.15,0.14,0.03,0.8154992641931428,-0.1850004712549447,0.3517745549092423,-0.4207023154848277,-1.207521744944974,0.750558906798402,-1.612777902536686,0.0,0.0,0.0,1.0,1.2576311769867714,-1.446196443119954,-0.97436116023683,0.0,0.0,0.0,1.0
1677734165.5254364,3.72,2.92,8.39,0.07,0.06,-0.05,0.6099343978487347,0.40785217743684105,-0.3849708024684514,0.5598518669502905,-6.97,2.45,6.62,0.13,-0.1,-0.02,0.22355326806808032,-0.8398860505914092,-0.47769616054051645,-0.128147323666532,-4.68,4.5,6.57,0.2,0.13,-0.03,0.8131654983206209,-0.18441413378490562,0.3544268862237285,-0.4232432892829976,-1.202893889615546,0.7497733730218531,-1.61659709867147,0.0,0.0,0.0,1.0,1.2651090764460362,-1.439261659321423,-0.974948665674866,0.0,0.0,0.0,1.0
1677734165.5523076,3.83,2.99,8.51,0.04,0.11,-0.07,0.6100750048225331,0.40843186805431103,-0.38491570611922493,0.5593136837510686,-7.14,2.63,6.78,0.16,-0.09,-0.03,0.22317985177076927,-0.8400984945556645,-0.4768442020007667,-0.13055604247653807,-4.75,4.72,6.7,0.22,0.13,-0.04,0.8111746623030945,-0.18372852244835025,0.3566825428872212,-0.4254609980666996,-1.2002038346377193,0.7484361519543635,-1.6192140321059036,0.0,0.0,0.0,1.0,1.269913304997145,-1.4338619641402917,-0.9766575989480517,0.0,0.0,0.0,1.0
1677734165.5792327,3.94,3.15,8.47,0.07,0.06,-0.03,0.6104152493661535,0.4081425355818629,-0.38512026886976103,0.5590127659506062,-7.39,2.83,6.9,0.12,-0.16,0.03,0.2217394648905794,-0.8401009031447485,-0.4767636525944017,-0.13326102885038024,-5.03,4.94,6.81,0.18,0.09,0.04,0.8093958293368485,-0.18388437444127118,0.3579344921963927,-0.4277240086604544,-1.1955037046950998,0.750580700759214,-1.621696489392543,0.0,0.0,0.0,1.0,1.274479128466161,-1.428007070395278,-0.9792848196542361,0.0,0.0,0.0,1.0
1677734165.6047814,3.84,2.99,8.46,0.14,-0.03,-0.02,0.6108370423671131,0.40680718387595466,-0.386323404037891,0.5586951318131286,-6.81,2.4,6.83,0.1,-0.18,0.05,0.22005930434755538,-0.8400082682911374,-0.47697648526023007,-0.1358434550554136,-4.48,4.55,6.75,0.18,0.06,0.01,0.8078914361675181,-0.18354174593658704,0.35900371011232296,-0.4298141354019448,-1.1901618213497018,0.7521336703694338,-1.6249030066124452,0.0,0.0,0.0,1.0,1.2825170831181436,-1.4216682008082073,-0.9780130154148683,0.0,0.0,0.0,1.0
1677734165.634216,3.83,2.94,8.36,0.18,0.0,-0.01,0.611881487727526,0.40519566858806966,-0.3875955464293599,0.5578415613074581,-6.77,2.72,6.86,0.1,-0.1,0.02,0.21904006160876868,-0.8399492636006063,-0.4769233717683936,-0.1380245755229573,-4.27,4.73,6.68,0.17,0.13,0.01,0.8058452080790874,-0.18362836869503235,0.36105598285057233,-0.4318943158623192,-1.1866058593853306,0.7527549062435864,-1.6272143637513192,0.0,0.0,0.0,1.0,1.2912126623438178,-1.4139669521556208,-0.9777358123822276,0.0,0.0,0.0,1.0
1677734165.7047017,3.89,3.04,8.42,0.01,0.14,0.0,0.613100619349541,0.4061972220971977,-0.38495212998777795,0.5576049721187949,-7.25,2.64,6.79,0.05,-0.08,-0.03,0.21871672277665158,-0.8386452068542496,-0.47783053893106725,-0.14323124052761682,-4.93,4.77,6.81,0.14,0.17,-0.03,0.8010866423763052,-0.18375446209468022,0.3674426347622953,-0.4352934633388087,-1.1753239847967265,0.7644892766064805,-1.629929347154423,0.0,0.0,0.0,1.0,1.2981845047864695,-1.4009357259600221,-0.9872163305280025,0.0,0.0,0.0,1.0
1677734165.729945,3.9,3.11,8.47,0.12,0.02,0.0,0.6137270263740384,0.4051725622678768,-0.3854978608785336,0.5572842462706429,-7.24,2.49,6.74,0.08,-0.17,0.05,0.21715383353822648,-0.8384131160987229,-0.4782186412723413,-0.14565229305753175,-4.94,4.69,6.71,0.17,0.07,0.05,0.7994813844161827,-0.1839216797112169,0.36833399525413646,-0.4374155914508696,-1.17030815639896,0.7679652894501237,-1.6319032242341622,0.0,0.0,0.0,1.0,1.3039887330311848,-1.3943936291742511,-0.9888274829544267,0.0,0.0,0.0,1.0
